15.173012241
1.628955893
1.394620305
2.454339401
0.471751998
3.029985528
5.573972446
3.176598808
1.688484909
0.790422943
2.553480495
2.152048737
0.423626049
4.80580718
2.712224155
1.756939707
7.849592951
3.400343361
200
6.250916995
2.664499035
1.677025465
200
200
2.934477574
2.80495974
4.792437738
200
2.7467836
6.046742361
3.301744424
7.26733029
4.182686112
2.883795309
5.013167665
5.912894604
4.769042006
4.765558179
3.426734066
200
4.190142594
2.71449284
2.01160811
1.461958978
1.306222529
0.319964762
0.571934908
4.362581199
2.115987659
11.190897759
