65.912204508
37.728364778
38.75625249
1000
48.32439382
33.564226619
24.866604635
20.327703535
1000
13.902826555
20.0137258
12.809148074
41.443783296
26.046660354
55.416765295
48.960226294
44.359335702
1000
1000
49.034816544
18.859573314
26.202184481
42.786189067
41.75161319
1000
52.215652633
24.918774977
14.424103462
53.920686133
32.977866906
24.11885239
21.999611394
24.026846238
51.824992622
19.411487835
75.178576709
49.79856389
18.232987617
29.194990065
1000
125.380696755
33.056223387
75.107762295
1000
30.185596769
86.954298735
32.183183684
1000
1000
44.69395493
