500
11.767024826
13.398241109
8.631472965
12.945995299
7.420179679
15.004012604
22.644048636
31.062370156
500
2.733298239
10.616304649
500
500
33.322668653
500
11.90976915
500
12.356937562
9.45487596
23.079314444
27.5131268
22.484558523
500
11.264917387
500
500
22.740951903
31.538961094
31.206859935
11.182529257
22.24388138
25.832435914
500
1.967585738
11.426435675
23.584542163
7.90822148
5.701474083
30.357946627
40.857340777
500
16.03911465
18.375957491
2.996067085
20.259854752
11.620792074
3.171672569
15.959362013
500
