11.332471957
19.550364483
12.633674863
18.490892897
54.633629693
21.388616269
38.961381009
50.258040875
36.241783834
11.775255935
11.129316136
7.883058625
12.568360109
21.640543318
26.233517756
10.85594106
26.608991283
1000
8.904469892
11.72075929
34.686155554
4.720736667
1000
14.185467164
21.522747366
13.959905638
28.33002549
9.978409825
13.676905643
12.467234397
3.883422519
52.289827846
22.73358764
17.047525931
18.83690193
28.559022472
6.050888634
28.224639721
9.625526712
1000
18.053449292
17.831004095
1000
17.815437643
9.391986663
18.367007557
1000
19.511888375
6.342759312
10.688185587
