6.93955275
0.93315492
0.927350706
0.43884701
0.604025707
0.452914253
0.792890528
0.331071438
0.572881322
2.002463703
0.632519326
0.551318042
0.756756878
1.633237699
2.015750342
4.18795302
0.766845854
1.060112241
0.401369709
0.629325037
3.741024606
1.096650392
1.1596451
2.000953599
3.029464179
0.684724353
3.952423386
8.1549364
0.299692959
0.684031067
0.629935547
0.21879678
0.102007479
0.353576874
0.116492672
0.865227102
3.228593681
0.429446337
0.918080147
0.680453424
0.209611351
1.350268703
0.631300675
2.251293058
7.968030519
0.989034002
0.511749081
0.347008586
4.31272206
4.547215202
13.106425484
0.562315478
0.821987399
7.616643958
0.536385753
0.438649661
1.216179542
0.442618721
0.886295511
7.721552899
0.403786342
0.358303394
0.33567774
1.918442915
0.227949292
0.170462725
2.295674822
0.285203878
3.358565036
0.320888375
0.151653025
0.313103554
0.203874542
0.175866682
0.720858239
2.271208535
0.471796406
4.002329213
0.617272536
0.735455665
11.353034643
2.347286161
4.92442516
0.424457538
2.130404757
1.391682173
0.705100556
1.35077458
0.440372889
0.36820624
0.339242908
1.358121195
2.865178775
0.825773368
0.423537892
1.434018223
0.760458041
1.084633642
0.633876696
1.092114733
