15.207934119
7.385990248
5.096175464
9.686106129
53.39234817
71.828666984
41.815376125
8.924579805
21.224360102
6.285360306
9.880536052
13.713357037
2.432775337
23.855118804
3.269502679
14.910709882
4.619556794
22.933155478
59.974156935
22.59537436
13.39562917
113.248604447
2.904010812
98.011763955
3.864814951
3.388316937
33.225154345
5.048743046
7.390526555
5.143358234
41.747497125
8.850031457
6.617094795
2.334742526
1.684040896
47.974701836
1.429573606
113.738876576
20.575683725
157.832070477
57.371761348
4.338263383
95.167050024
7.816011067
8.133358379
6.672148047
5.557777288
38.414123927
3.661098327
8.136766087
