92.851653613
178.93348328
82.137249346
1000
8.083470761
25.543229795
35.473714286
17.317143456
191.128686296
35.483171169
1000
17.717115802
51.296324155
130.458168655
64.776872893
1000
233.204621245
1000
1000
251.943421554
1000
205.383575425
174.521325275
301.329122523
15.31869754
100.175706919
54.749850614
66.061457743
195.142047962
58.649286302
129.763208782
323.162701388
1000
187.449014766
330.854944609
1000
145.182789409
35.957861646
1000
1000
1000
90.466057545
1000
68.172288977
34.39738842
49.924862574
312.762725302
166.370259195
167.005615557
76.855832135
