15.91824141
8.164124239
0.516001728
1.693273658
14.074377298
2.309367874
3.712926385
3.484036194
0.508983471
9.280577163
1.271135581
1.727164294
3.701347346
4.601406315
12.221194931
1.87997908
4.337164147
3.106638757
0.795958079
10.947779347
0.254558942
0.848037
0.981391449
9.197473099
0.494872704
7.53871846
5.489903018
3.48203204
1.61733541
0.341160884
35.355352748
8.001087597
10.641587412
7.033276325
3.120176138
8.060725295
2.794985567
5.466422633
1.084609639
0.476432879
5.916129515
1.125750076
0.364236618
3.607806703
0.307602847
1.160789511
0.965492263
3.144851151
0.730504159
6.074319887
