4.774812547
0.572324256
2.99159341
1.304334214
1.85357527
0.934938504
0.41093502
1.313210271
4.84358429
1.280235618
3.314938329
5.355011173
2.482258525
1.178850783
1.19228149
4.008177605
1.624562735
0.727015797
4.442493479
6.09501288
0.215275454
8.28245585
5.510919792
0.728675962
4.710104816
0.630953331
1.21316736
0.537476783
2.191543372
15.755592939
1.430778734
2.578355016
8.070923825
3.290298121
1.766470462
2.790136768
1.95310277
5.531093264
4.896914007
2.21334619
7.188379717
8.219377038
1.638914399
2.226729885
2.886151494
4.727831287
2.26096378
2.005687435
5.49550996
1.414415408
