1000
1000
1000
6.914981104
1000
4.68823462
6.767426704
14.928687897
1000
8.119518007
19.078690195
35.037306983
8.68493321
5.223529101
7.72205276
24.49857026
16.367838827
16.028286577
29.725661697
14.224442402
1000
8.635308046
7.771973715
12.714114441
45.608735271
10.729340445
27.325160004
5.043419301
22.726725125
8.013046152
9.439643277
11.287767904
1000
13.794408982
5.676059969
1000
37.095907994
2.898956255
9.554506771
16.25354814
18.676855541
12.268488151
6.901274945
9.890006578
37.126246528
6.506993073
22.062086436
16.960638245
5.031241055
22.007178354
