8.308864491
6.518307079
17.58293081
18.033482909
6.725289286
3.265838512
7.494843639
16.87296763
500
13.071128194
9.15995607
10.568370797
15.470344743
23.31596905
500
16.241639263
500
29.608482844
13.191358958
11.040015678
500
16.938152878
27.395576013
2.052350806
8.589103485
4.669586284
7.880030346
5.719759176
5.55999809
7.794266499
12.57186465
8.526233418
21.993025286
5.790760545
500
8.164478839
3.50092857
10.438628443
10.052156339
22.060027513
14.440189545
500
6.490579179
13.932031637
26.186742982
8.555038137
9.592380805
5.132319278
11.713730002
500
