107.722544126
50.226643709
105.733693679
49.903648904
47.26710333
75.016143782
1000
64.870898659
30.169353
1000
29.269796993
34.784019491
71.12484468
1000
1000
78.404822152
81.174654136
1000
35.843671439
1000
40.247481965
1000
26.541624084
34.69559275
85.428163025
63.499580814
1000
35.58988017
38.732037483
30.980732963
1000
67.8472487
1000
59.368021414
51.159375882
1000
93.024117029
106.916144082
58.772480303
46.413898068
1000
81.18954425
31.268671753
89.250128172
41.199073784
1000
48.417317013
94.915568323
47.121437512
42.144813962
