122.229699146
143.760940948
294.337072875
100.563428388
178.390084025
43.694900768
142.754701358
1000
204.271306737
111.962716496
121.888315635
244.175690913
2.894174453
1000
1000
64.517258305
90.753031056
54.022383806
56.353352195
60.906674056
1000
309.2409724
40.367356144
3.816222688
78.034476282
17.11729158
176.989317321
40.079365401
1000
4.292003675
1.443873382
19.250470452
126.922463981
1000
150.22866497
205.830450362
223.007133055
20.371490643
200.208074527
117.49657895
108.225210276
1.20346776
94.475564183
69.701412077
37.643560574
7.49106979
61.568583945
6.712514081
3.34513844
43.044899733
