8.666474009
200
200
15.282346368
3.323940642
6.453316167
7.447979599
21.712855825
11.701630017
200
8.603242813
13.944671655
200
8.357621766
200
7.735032818
13.125505365
8.230717301
6.284142168
16.673509673
12.394558081
5.874653599
16.679420435
200
18.637000515
5.038807991
10.424292853
8.046851251
8.089096156
1.652852351
11.348465161
10.83448081
200
18.412605407
2.579158201
10.976011516
9.829665195
200
6.061596444
7.500980636
11.001199766
16.518564765
2.715010301
7.256956851
200
10.85726848
200
14.592417467
7.448489595
6.603954767
