8.183159329
3.312655599
6.057184247
5.009790197
2.233725727
1.994416463
2.849622022
0.177147935
1.358440038
0.602246816
1.224530331
5.014867605
3.551380735
8.020811475
5.922149153
1.231189085
11.26050604
1.681452191
2.45103652
0.648110742
0.29239946
5.547303163
4.619373581
1.788789083
9.162386029
3.211319345
4.183358024
0.58447438
2.739376065
2.891847421
1.685235932
12.3146391
1.284855763
0.942988376
4.306412345
0.933997306
2.593373099
0.875838589
2.891672751
2.887224655
2.588181849
4.091060474
2.402326797
4.936248133
3.182401048
0.917541359
3.434455289
0.260786378
4.280886196
2.994073465
