42.853155424
24.55340266
38.724911349
64.615316485
33.868445084
58.387055669
42.290597323
60.298590086
38.414465298
31.720849124
49.550422386
1000
41.851603299
37.803911836
31.216124066
50.520540165
26.092057372
44.724821685
23.982899935
1000
44.534791193
39.755533158
92.343654403
23.589640181
38.089689473
24.420431961
33.857216628
29.219582174
32.48021187
28.895116806
31.880808248
29.115243795
23.569755336
37.835210401
27.280705711
23.835166033
26.529420344
24.617207193
36.153948283
11.70075334
27.193047017
56.760852627
31.25873608
25.788910883
24.454281283
1000
17.935633395
21.424589175
27.384646833
37.055836519
