15.970295073
4.815604569
6.771013081
4.887885481
2.492820753
2.529806112
2.042143371
3.852473055
12.915078054
200
5.776192773
3.176873548
2.393702386
200
8.320544057
11.989695137
16.525576835
18.6804712
0.934487468
1.159514851
2.654038497
200
6.840379097
19.347161926
2.419492468
2.136500221
6.235724358
5.542414605
5.150805368
16.598039298
1.019457343
3.003317356
5.852079525
3.678410625
2.12074858
0.451088821
200
20.709434215
18.077612185
1.289544663
20.307688484
9.848613592
2.719735444
16.738826896
3.129953477
6.162377148
0.552506408
7.591036818
200
3.316839793
