11.715035951
1.845934386
200
7.523530136
200
11.617896601
12.493081289
5.084987148
2.854724157
3.526022888
15.569242002
200
3.592114731
4.415830102
1.475011517
8.085101565
8.415354555
0.500365891
1.247511505
200
200
5.568855945
2.453967557
2.831139547
5.542563894
3.994978728
3.736467928
14.287933747
6.526510952
4.13731402
15.555529801
13.299781056
3.991378965
2.006199084
200
7.918298876
3.947699007
5.018779053
2.8983125
4.657400589
10.815757933
3.880173116
0.491586958
1.371973471
9.064022303
1.008551696
2.934665532
200
2.639018651
6.473012614
