5.20089176
4.18265011
7.631362228
4.753707836
4.537844822
4.67471842
200
1.342969096
9.25700255
200
5.343044755
4.056153908
16.577976179
4.102026092
0.480384463
1.943948267
0.696378189
1.707201383
4.504332076
200
2.053713952
3.711909485
1.465802162
1.102469254
16.837127814
5.278148537
10.112615621
1.060235052
14.280968239
1.361512306
17.308284449
1.079913373
4.925348135
5.256571413
200
8.218035125
6.955543787
2.010194504
3.137968625
5.036458475
5.976528653
4.58878487
24.310426002
9.534553396
4.253427022
2.499957497
7.469403483
11.429662825
6.852085073
12.98426764
