47.701246535
4.486599468
2.2997769
5.523838552
20.950178976
67.991941801
9.510029453
63.015564163
10.010047553
27.394307709
4.57741183
6.311772803
9.693730729
3.688154895
6.800362925
7.682898795
38.587011518
21.30177396
14.491300541
2.628580675
66.875056081
7.19432929
2.76134758
15.192668937
11.242870288
2.768609773
3.737852271
6.536155331
3.771061585
17.949957668
16.333968251
26.740837966
11.679336901
7.345480399
5.914734835
19.801484272
16.002897158
26.808987858
15.393180994
2.872531877
16.212256027
6.503061263
6.235892351
1.170018181
4.072228226
5.365506782
29.011859175
27.709779328
2.247132892
11.364305908
