15.325803482
3.887196593
11.102875378
13.223367135
23.590304911
11.222712988
4.459229584
28.372316325
1000
28.986675513
31.329857458
8.903496693
1000
7.921980261
1000
7.122374916
7.615337032
11.034222883
11.465288486
11.789374286
15.17326228
10.164899286
2.745060966
5.975577172
1000
5.326634821
8.221265358
12.322667602
9.574153385
7.502593817
3.297253795
5.503139234
3.45904178
4.640593312
7.954768838
8.209948732
5.690411125
2.805421522
3.977822994
8.033038109
2.292580509
1000
1000
10.270429415
8.385644301
7.715245523
6.364581269
1000
4.305651367
5.70857742
