15.562844725
1.976341551
5.636020238
6.701899663
15.444248087
2.573425302
5.589310428
8.218587108
3.376792877
4.73268662
4.421599235
0.570052
2.163205787
3.594564088
4.909550982
3.528031663
6.652938433
8.561452339
6.396425419
2.249826716
3.648939458
6.136564277
7.147375878
2.537849162
2.225474477
7.94681398
0.270317071
1.116493886
11.914276498
1.29100769
4.636684747
3.334185204
0.592510164
5.668147099
4.154655727
0.446979693
3.460666313
5.052861609
0.448492973
1.121683971
7.42861113
4.584693772
4.231259456
9.995850329
6.871565675
5.795653922
10.167752246
5.624879247
8.190199926
0.582384836
