5.387201585
5.762201395
5.597629279
1000
8.595095441
8.473123426
10.792267041
4.410543283
1000
13.272345166
9.698998167
1000
10.436750543
8.562929917
24.534609405
1000
1000
6.314128589
16.955175868
7.133174105
20.72656376
6.816214149
1000
33.857345444
10.743810569
7.012212539
8.371796289
6.239610694
7.50003977
19.634294303
9.73410595
15.601449744
8.451514407
12.767270334
13.638401692
28.127676944
15.568673908
1000
11.34061581
20.982352882
18.911758402
8.936094136
12.252623141
1000
28.143741346
6.692731611
15.382730928
2.670355957
8.378220604
1000
