43.475983984
1000
51.261586433
13.79950133
10.476414504
1000
1000
25.542887539
1000
46.418601208
29.304990004
35.125996165
35.291362469
1000
31.029891481
30.054824877
1000
1000
35.872143244
20.434757052
1000
23.882777379
34.283944532
27.867835602
1000
17.586047295
11.682359164
17.966077416
19.893862766
22.067382642
2.54949805
1000
15.412214135
1000
21.002746699
16.714847486
35.469134153
1.755752108
1000
11.87750523
12.862852718
1000
1000
22.549918469
1000
31.203892457
19.754903198
5.583378157
20.311932959
24.05013652
