16.205384568
7.045668155
500
12.016812339
16.417966471
13.23560131
9.88156727
18.357724881
22.412037455
28.308258307
3.603088083
6.972795009
11.830373521
2.129177665
4.744926225
9.81659972
500
500
6.678870723
9.076526255
500
13.261496075
7.954425725
28.677231172
500
21.605752825
19.635777868
4.204490913
500
500
9.595325496
25.237902144
25.901621435
13.464373743
500
500
17.432288276
19.37333068
19.116955825
13.632603467
16.602271464
500
10.54376315
500
500
500
7.397897877
24.385379367
10.692936266
5.135754867
