8.748401731
3.898619986
5.018128117
6.105488222
6.148508842
10.818546415
3.421426675
2.3407322
4.49928342
14.733848338
10.794410984
1.3066443
5.92853924
2.831592326
12.392931366
10.97950214
5.642435133
2.127975265
6.588208584
6.240805982
6.336825417
14.995652545
13.219484611
6.680869002
7.395220011
4.500198696
18.775894095
1.872783163
10.751665364
5.886332846
12.685609013
8.59162233
4.66654452
7.221032634
13.248450796
8.231326607
11.188391389
5.081105205
2.066158892
7.017228542
0.505973202
15.926975275
7.10416293
2.620719308
1.343376195
10.026609612
4.436056013
7.985680468
4.002970548
4.508833552
