85.285983469
122.128106405
101.107252047
68.179158954
1000
143.490153556
213.100164612
12.866134775
28.978884116
21.412980993
3.872233812
192.293482498
4.556782198
5.90565377
17.619242139
140.360275237
116.173301331
1000
262.930590661
153.382804713
1000
30.334122153
1000
8.737596764
269.048852795
15.577626525
62.264199167
129.663368009
112.713664173
17.237166887
133.493773151
36.285413327
1000
16.828680503
76.763967318
137.261074546
1000
7.331488976
242.716902491
178.304547287
1000
1000
5.799670037
79.553182577
53.726038921
147.277885563
142.690261927
1000
28.376751087
84.295247809
