3.94662559
0.073472286
0.030567198
0.571687801
0.23448856
0.285782249
0.22300349
0.118931255
0.598768876
0.080278768
0.806394183
0.215560019
0.952409602
0.347567623
0.258242702
0.090787759
0.319421771
0.155722515
0.431529719
0.453511301
0.439024093
0.514150749
0.085692027
0.425970509
0.043180251
0.448375252
0.114690414
0.1951647
0.574573509
0.144835017
0.75501662
0.251930805
0.224370902
0.272233492
0.074587818
0.043910678
0.15287383
0.33408675
0.135178239
0.223302856
0.069421249
0.157379621
0.071496115
0.094524996
0.043202951
0.130961798
0.297649094
0.663124129
0.118079125
0.082786252
0.123263577
0.328192937
0.620923857
0.100887172
0.178042403
0.194467849
0.466035064
0.338614499
0.329615868
0.461859718
0.252987853
0.476091919
0.045406407
0.197480906
0.357857597
0.125319658
0.453076888
0.302205956
0.192349669
0.124705568
0.150008362
0.239816257
0.548256712
0.141389118
0.159668359
0.147657458
0.656761526
0.386294871
0.309185
0.222857804
0.36725325
0.323735396
0.476062521
0.276229102
0.433322757
0.170784934
0.311421356
0.2349878
0.342198298
0.014542768
0.17213728
0.03305883
0.10672099
0.143983315
0.260094064
0.127982403
0.157529189
0.579175179
0.234860974
0.28183391
